0 0;
1 0;
2 0;
3 0;
4 0;
5 0;
6 0;
7 0;
8 0;
9 0;
10 0;
11 0;
12 0;
13 0;
14 0;
15 0;
16 0;
17 0;
18 0;
19 0;
20 0;
21 0;
22 0;
23 0;
24 0;
25 0;
26 0;
27 0;
28 0;
29 0;
30 0;
31 0;
32 0;
33 0;
34 0;
35 0;
36 0;
37 0;
38 0;
39 0;
40 0;
41 0;
42 0;
43 0;
44 0;
45 0;
46 0;
47 0;
48 0;
49 0;
50 0;
51 0;
52 0;
53 0;
54 0;
55 0;
56 0;
57 0;
58 0;
59 0;
60 0;
61 0;
62 55.3503;
63 55.3503;
64 55.3503;
65 55.3503;
66 55.3503;
67 55.3503;
68 55.3503;
69 55.3503;
70 55.3503;
71 72.2555;
72 72.2555;
73 72.2555;
74 72.2555;
75 72.2555;
76 72.2555;
77 72.2555;
78 72.2555;
79 72.2555;
80 72.2555;
81 72.2555;
82 72.2555;
83 72.2555;
84 72.2555;
85 72.2555;
86 72.2555;
87 72.2555;
88 72.2555;
89 72.2555;
90 72.2555;
91 72.2555;
92 72.2555;
93 72.2555;
94 72.2555;
95 72.2555;
96 73.8204;
97 73.8204;
98 73.8204;
99 73.8204;
100 73.8204;
101 73.8204;
102 73.8204;
103 73.8204;
104 68.7526;
105 68.7526;
106 68.7526;
107 68.7526;
108 68.7526;
109 68.7526;
110 68.7526;
111 68.7526;
112 68.7526;
113 68.7526;
114 68.7526;
115 68.7526;
116 68.7526;
117 68.7526;
118 68.7526;
119 68.7526;
120 68.7526;
121 68.7526;
122 68.7526;
123 68.7526;
124 68.7526;
125 68.7526;
126 68.7526;
127 68.7526;
128 68.7526;
129 68.7526;
130 68.7526;
131 68.7526;
132 68.7526;
133 68.7526;
134 68.7526;
135 73.8294;
136 73.8294;
137 73.8294;
138 73.8294;
139 73.8294;
140 73.8294;
141 73.8294;
142 73.8294;
143 68.9254;
144 68.9254;
145 68.9254;
146 86.2462;
147 86.2462;
148 86.2462;
149 86.2462;
150 86.2462;
151 86.2462;
152 86.2462;
153 86.2462;
154 86.2462;
155 86.2462;
156 86.2462;
157 86.2462;
158 68.8114;
159 68.8114;
160 68.8114;
161 68.8114;
162 68.8114;
163 68.8114;
164 68.8114;
165 68.8114;
166 68.8114;
167 68.8114;
168 68.8114;
169 68.8114;
170 68.8114;
171 68.8114;
172 68.8114;
173 68.8114;
174 73.8306;
175 73.8306;
176 73.8306;
177 73.8306;
178 73.8306;
179 73.8306;
180 73.8306;
181 73.8306;
182 73.8306;
183 73.8306;
184 73.8306;
185 73.8306;
186 73.8306;
187 68.8753;
188 68.8753;
189 68.8753;
190 68.8753;
191 68.8753;
192 68.8753;
193 68.8753;
194 68.8753;
195 68.8753;
196 68.8753;
197 68.8753;
198 68.8753;
199 68.8753;
200 68.8753;
201 68.8753;
202 68.6996;
203 68.6996;
204 92.713;
205 92.713;
206 92.713;
207 92.713;
208 92.713;
209 92.713;
210 92.713;
211 92.713;
212 82.093;
213 82.093;
214 82.093;
215 82.093;
216 82.093;
217 82.093;
218 82.093;
219 82.093;
220 74.2845;
221 74.2845;
222 74.2845;
223 74.2845;
224 74.2845;
225 74.2845;
226 74.2845;
227 74.2845;
228 74.2845;
229 74.4012;
230 74.4012;
231 74.4012;
232 86.4847;
233 86.4847;
234 74.2352;
235 74.2352;
236 74.2352;
237 74.2352;
238 74.2352;
239 74.2352;
240 74.2352;
241 74.2352;
242 82.246;
243 82.246;
244 82.246;
245 74.277;
246 74.277;
247 74.277;
248 74.277;
249 74.277;
250 74.3697;
251 74.3697;
252 74.3697;
253 74.3697;
254 74.3697;
255 74.3697;
256 74.3697;
257 74.3697;
258 74.3697;
259 74.2688;
260 74.2688;
261 74.2688;
262 74.2688;
263 74.2688;
264 74.2688;
265 74.2688;
266 74.2688;
267 74.2688;
268 74.2688;
269 74.2476;
270 74.2476;
271 86.6349;
272 86.6349;
273 86.6349;
274 86.6349;
275 86.6349;
276 86.6349;
277 86.6349;
278 74.3821;
279 74.3821;
280 74.3821;
281 74.3821;
282 74.3821;
283 74.3821;
284 74.3114;
285 74.3114;
286 74.3114;
287 74.3114;
288 74.3114;
289 74.3114;
290 74.3114;
291 74.3114;
292 74.3114;
293 74.2711;
294 74.2711;
295 74.2711;
296 74.2711;
297 74.2711;
298 74.2711;
299 74.2711;
300 74.2711;
301 74.2711;
302 74.2711;
303 74.2651;
304 74.2651;
305 74.2651;
306 74.2651;
307 74.2651;
308 74.2651;
309 74.3873;
310 74.3873;
311 74.3873;
312 74.3873;
313 74.3944;
314 74.3944;
315 74.3944;
316 74.3944;
317 74.3944;
318 74.2933;
319 74.2933;
320 74.2933;
321 74.2933 ;
322 74.2933;
323 74.2551;
324 74.2551;
325 74.2551;
326 74.2551;
327 74.2551;
328 74.4737;
329 74.4737;
330 74.4737;
331 74.4737;
332 74.4737;
333 74.4737;
334 74.4737;
335 82.2355;
336 82.2355;
337 82.2355;
338 74.3361;
339 74.3361;
340 74.3361;
341 74.3361;
342 74.3361;
343 74.3361;
344 74.3361;
345 74.3361;
346 74.3361;
347 74.3361;
348 86.674;
349 86.674;
350 86.674;
351 86.674;
352 86.674;
353 86.674;
354 86.674;
355 86.674;
356 86.674;
357 86.674;
358 86.674;
359 86.674;
360 86.674;
361 86.674;
362 86.674;
363 86.674;
364 86.674;
365 86.674;
366 86.674;
367 86.674;
368 86.674;
369 86.674;
370 86.674;
371 74.2246;
372 74.2246;
373 74.2246;
374 82.2339;
375 82.2339;
376 82.2339;
377 74.3967;
378 74.3967;
379 74.3967;
380 74.3967;
381 74.3967;
382 74.3967;
383 74.3967;
384 74.3967;
385 74.3967;
386 74.3967;
387 74.3967;
388 74.3967;
389 74.3967;
390 74.3967;
391 74.4346;
392 74.4346;
393 74.4346;
394 74.4346;
395 74.4346;
396 74.3019;
397 74.3019;
398 74.3019;
399 74.3019;
400 74.3019;
401 74.3019;
402 74.3019;
403 74.3019;
404 74.3019;
405 74.3019;
406 74.3545;
407 74.3545;
408 74.3545;
409 74.3545;
410 74.246;
411 74.246;
412 74.246;
413 74.246;
414 74.246;
415 74.246;
416 86.7214;
417 86.7214;
418 86.7214;
419 86.7214;
420 74.1258;
421 74.1258;
422 74.1258;
423 74.1258;
424 74.1258;
425 74.1258;
426 74.1258;
427 74.1258;
428 74.1258;
429 74.1258;
430 74.1258;
431 74.1258;
432 74.1258;
433 74.1258;
434 86.5567;
435 86.5567;
436 86.5567;
437 86.5567;
438 86.5567;
439 86.5567;
440 86.5567;
441 86.5567;
442 86.5567;
443 86.5567;
444 86.5567;
445 86.5567;
446 86.5567;
447 86.5567;
448 86.5567;
449 74.2726;
450 74.2726;
451 74.2726;
452 74.2726;
453 74.2726;
454 74.244;
455 74.244;
456 74.244;
457 74.244;
458 74.244;
459 74.244;
460 74.4071;
461 74.4071;
462 74.4071;
463 74.4071;
464 74.4071;
465 74.4071;
466 74.4071;
467 74.4071;
468 74.4071;
469 74.2733;
470 74.2733;
471 74.2733;
472 74.2733;
473 74.2733;
474 74.2733;
475 74.2733;
476 74.2733;
477 74.2733;
478 74.2733;
479 74.3567;
480 74.3567;
481 74.3567;
482 74.3567;
483 74.3567;
484 74.3562;
485 74.3562;
486 82.068;
487 82.068;
488 74.3011;
489 74.3011;
490 74.3011;
491 74.3011;
492 74.3011;
493 74.3011;
494 74.3011;
495 74.3011;
496 74.3011;
497 74.3011;
498 74.3011;
499 74.3011;
500 74.3011;
501 74.3011;
502 74.3011;
503 74.294;
504 74.294;
505 74.294;
506 74.294;
507 74.294;
508 74.3049;
509 74.3049;
510 74.3049;
511 74.3049;
512 74.3049;
513 74.3603;
514 74.3603;
515 74.3603;
516 74.3603;
517 74.3603;
518 74.3603;
519 74.3603;
520 74.3603;
521 74.3603;
522 74.3603;
523 74.394;
524 74.394;
525 74.394;
526 74.2932;
527 74.2932;
528 74.2932;
529 74.2932;
530 74.2932;
531 74.2932;
532 74.2932;
533 86.7083;
534 86.7083;
535 86.7083;
536 86.7083;
537 74.2881;
538 74.2881;
539 74.2881;
540 74.2881;
541 74.4415;
542 74.4415;
543 74.4415;
544 74.4415;
545 74.4415;
546 74.4415;
547 74.2721;
548 74.2721;
549 74.2721;
550 74.2721;
551 74.2721;
552 74.2721;
553 74.2721;
554 74.2721;
555 74.2721;
556 74.2721;
557 74.3122;
558 74.3122;
559 74.3122;
560 74.3122;
561 74.3122;
562 74.3122;
563 74.3122;
564 74.3122;
565 74.3012;
566 74.3012;
567 74.3012;
568 74.3012;
569 74.3012;
570 74.3012;
571 74.1954;
572 74.1954;
573 74.1954;
574 86.2377;
575 86.2377;
576 74.2788;
577 74.2788;
578 74.2788;
579 74.2788;
580 74.2788;
581 74.2788;
582 74.2788;
583 74.2788;
584 74.2788;
585 74.2788;
586 74.2788;
587 74.2788;
588 74.2788;
589 74.2788;
590 74.2788;
591 74.2788;
592 74.2788;
593 74.2788;
594 74.2788;
595 74.2788;
596 74.4141;
597 74.4141;
598 74.4141;
599 74.4141;
600 74.2871;
601 74.2871;
602 74.2871;
603 74.2871;
604 74.2871;
605 74.2871;
606 74.2871;
607 74.2871;
608 74.2871;
609 74.2871;
610 74.2871;
611 74.2871;
612 74.2871;
613 74.2871;
614 74.2871;
615 74.2871;
616 74.2871;
617 74.2871;
618 74.2871;
619 74.2871;
620 74.3026;
621 74.3026;
622 74.3026;
623 74.3026;
624 74.3026;
625 74.3026;
626 74.3026;
627 74.3026;
628 74.3026;
629 74.3026;
630 74.3026;
631 74.3026;
632 74.3026;
633 74.3026;
634 74.3026;
635 74.3026;
636 74.6289;
637 74.6289 ;
638 74.6289;
639 74.3049;
640 74.3049;
641 74.3049;
642 74.3049;
643 74.3049;
644 74.3049;
645 74.3049;
646 74.3049;
647 74.3049;
648 74.3049;
649 74.3049;
650 74.3049;
651 74.3049;
652 86.4134;
653 86.4134;
654 86.4134;
655 86.4134;
656 86.4134;
657 86.4134;
658 86.4134;
659 86.4134;
660 86.4134;
661 86.4134;
662 86.4134;
663 86.4134;
664 86.4134;
665 71.0792;
666 71.0792;
667 71.0792;
668 71.0792;
669 71.0792;
670 79.8602;
671 79.8602;
672 79.8602;
673 79.8602;
674 79.8602;
675 79.8602;
676 111.813;
677 111.813;
678 111.813;
679 111.813;
680 111.837;
681 111.837;
682 111.837;
683 111.837;
684 111.837;
685 111.837;
686 111.93;
687 111.93;
688 111.93;
689 111.93;
690 111.93;
691 111.93;
692 111.93;
693 111.93;
694 111.93;
695 111.846;
696 111.846;
697 111.846;
698 111.846;
699 111.846;
700 111.846;
701 111.846;
702 111.824;
703 111.824;
704 111.824;
705 111.754;
706 111.754;
707 111.754;
708 111.754;
709 111.489;
710 111.489;
711 111.489;
712 111.489;
713 111.795;
714 111.795;
715 111.795;
716 111.795;
717 111.795;
718 111.795;
719 111.795;
720 111.795;
721 112.059;
722 112.059;
723 112.059;
724 112.059;
725 112.059;
726 111.943;
727 111.943;
728 111.943;
729 111.834;
730 111.834;
731 111.834;
732 111.834;
733 111.857;
734 111.857;
735 111.857;
736 111.857;
737 111.857;
738 111.857;
739 111.857;
740 111.857;
741 111.857;
742 111.857;
743 111.857;
744 111.857;
745 111.857;
746 111.857;
747 111.857;
748 111.857;
749 111.857;
750 111.857;
751 111.857;
752 111.857;
753 79.9586;
754 79.9586;
755 79.9586;
756 79.9586;
757 68.0181;
758 68.0181;
759 68.0181;
760 68.0181;
761 67.9756;
762 67.9756;
763 67.9756;
764 67.9756;
765 67.9756;
766 67.9756;
767 68.0742;
768 68.0742;
769 68.0742;
770 68.0742;
771 68.0742;
772 68.0742;
773 68.0742;
774 68.0742;
775 68.0742;
776 68.0742;
777 80.0046;
778 80.0046;
779 80.0046;
780 80.0046;
781 80.0046;
782 80.0046;
783 80.0046;
784 80.0046;
785 80.0046;
786 80.0046;
787 80.0046;
788 81.8538;
789 81.8538;
790 81.8538;
791 66.4425;
792 66.4425;
793 75.3998;
794 75.3998;
795 75.3998;
796 75.3998;
797 75.3998;
798 75.3313;
799 75.3313;
800 75.3313;
801 75.3313;
802 75.3313;
803 75.3313;
804 75.3313;
805 75.3313;
806 75.3313;
807 81.7817;
808 81.7817;
809 81.7817;
810 81.7817;
811 81.7817;
812 81.7817;
813 81.7817;
814 81.7817;
815 81.7817;
816 81.9095;
817 81.9095;
818 81.9095;
819 81.9095;
820 81.9095;
821 81.9095;
822 81.9095;
823 81.9095;
824 81.9095;
825 81.9095;
826 81.9095;
827 75.2915;
828 75.2915;
829 75.2915;
830 75.2915;
831 75.2915;
832 75.2915;
833 75.2915;
834 75.2915;
835 75.2915;
836 75.2915;
837 75.2008;
838 75.2008;
839 75.2008;
840 75.2008;
841 75.2008;
842 75.2008;
843 75.2008;
844 75.2008;
845 70.9125;
846 70.9125;
847 70.9125;
848 70.9125;
849 70.9125;
850 70.9706;
851 70.9706;
852 70.9706;
853 70.9706;
854 70.9706;
855 70.981;
856 70.981;
857 70.981;
858 70.981;
859 70.981;
