0.01 70.8435;
0.03 70.8435;
0.06 70.8435;
0.08 70.8435;
0.1 70.8435;
0.13 70.8435;
0.15 70.8435;
0.17 70.8435;
0.2 70.8435;
0.22 70.8435;
0.24 70.8435;
0.27 70.8435;
0.29 70.8435;
0.31 70.8435;
0.34 70.8435;
0.36 70.8435;
0.38 70.8435;
0.41 70.8435;
0.43 70.8435;
0.45 70.8435;
0.48 70.8435;
0.5 70.8435;
0.52 70.8435;
0.54 70.8435;
0.57 70.8435;
0.59 70.8435;
0.61 70.8435;
0.64 70.8435;
0.66 70.8435;
0.68 70.8435;
0.71 70.8435;
0.73 70.8435;
0.75 70.8435;
0.78 70.8435;
0.8 70.8435;
0.82 70.8435;
0.849999 70.8435;
0.869999 70.8435;
0.889999 70.8435;
0.919999 70.8435;
0.939999 70.8435;
0.959999 70.8435;
0.989999 70.8435;
1.01 70.8435;
1.03 70.8435;
1.06 70.8435;
1.08 70.8435;
1.1 70.8435;
1.13 70.8435;
1.15 70.8435;
1.17 70.8435;
1.2 70.8435;
1.22 70.8435;
1.24 70.8435;
1.26 70.8435;
1.29 70.8435;
1.31 70.8435;
1.33 70.8435;
1.36 70.8435;
1.38 70.8435;
1.4 70.8435;
1.43 70.8435;
1.45 70.8435;
1.47 42.4206;
1.5 42.4206;
1.52 42.4206;
1.54 72.114;
1.57 72.114;
1.59 72.114;
1.61 72.114;
1.64 72.114;
1.66 72.114;
1.68 72.114;
1.71 72.114;
1.73 72.114;
1.75 72.114;
1.78 72.114;
1.8 72.114;
1.82 72.114;
1.85 72.114;
1.87 72.114;
1.89 72.114;
1.91 72.114;
1.94 72.114;
1.96 72.114;
1.98 72.114;
2.01 72.114;
2.03 86.2414;
2.05 86.2414;
2.08 86.2414;
2.1 86.2414;
2.12 68.6032;
2.15 68.6032;
2.17 68.6032;
2.19 68.6032;
2.22 68.6032;
2.24 68.9356;
2.26 68.9356;
2.29 68.9356;
2.31 68.9356;
2.33 68.9356;
2.36 68.9356;
2.38 68.9356;
2.4 68.9356;
2.43 68.9356;
2.45 68.9356;
2.47 87.9124;
2.5 87.9124;
2.52 87.9124;
2.54 87.9124;
2.57 87.9124;
2.59 87.9124;
2.61 87.9124;
2.63 87.9124;
2.66 87.9124;
2.68 87.9124;
2.7 87.9124;
2.73 107.466;
2.75 107.466;
2.77 107.466;
2.8 107.466;
2.82 107.466;
2.84 107.466;
2.87 107.466;
2.89 107.466;
2.91 107.466;
2.94 107.466;
2.96 107.466;
2.98 107.466;
3.01 107.466;
3.03 107.466;
3.05 107.466;
3.08 107.466;
3.1 107.466;
3.12 107.466;
3.15 107.466;
3.17 107.466;
3.19 107.466;
3.22 107.466;
3.24 107.466;
3.26 107.466;
3.28 107.466;
3.31 107.466;
3.33 107.466;
3.35 107.466;
3.38 107.466;
3.4 92.896;
3.42 92.896;
3.45 92.896;
3.47 92.896;
3.49 92.896;
3.52 92.896;
3.54 92.896;
3.56 92.896;
3.59 92.896;
3.61 92.896;
3.63 73.8092;
3.66 73.8092;
3.68 73.8092;
3.7 73.8092;
3.73 73.8092;
3.75 73.8518;
3.77 73.8518;
3.8 73.8518;
3.82 73.8518;
3.84 73.8518;
3.87 73.8518;
3.89 73.8518;
3.91 73.8518;
3.93 73.8518;
3.96 73.8518;
3.98 73.8518;
4 73.8518;
4.03 73.8518;
4.05 73.8518;
4.07 73.8518;
4.1 73.8518;
4.12 73.8518;
4.14 73.8518;
4.17 73.8518;
4.19 73.8518;
4.21 73.8518;
4.24 73.8518;
4.26 73.8518;
4.28 73.8518;
4.31 73.8518;
4.33 73.8518;
4.35 73.8518;
4.38001 73.8518;
4.40001 73.8518;
4.42001 73.8518;
4.45001 73.8518;
4.47001 73.8518;
4.49001 73.8518;
4.52001 73.8518;
4.54001 73.8518;
4.56001 73.769;
4.59001 73.769;
4.61001 73.769;
4.63001 73.769;
4.65001 73.769;
4.68001 73.769;
4.70001 73.769;
4.72001 73.769;
4.75001 73.769;
4.77001 73.769;
4.79001 73.769;
4.82002 73.769;
4.84002 73.769;
4.86002 73.769;
4.89002 73.769;
4.91002 73.769;
4.93002 73.769;
4.96002 73.769;
4.98002 86.8396;
5.00002 86.8396;
5.03002 86.8396;
5.05002 86.8396;
5.07002 86.8396;
5.10002 86.8396;
5.12002 86.8396;
5.14002 86.8396;
5.17002 86.8396;
5.19002 86.8396;
5.21002 86.8396;
5.24003 86.8396;
5.26003 86.8396;
5.28003 74.3412;
5.30003 74.3412;
5.33003 74.3412;
5.35003 74.3412;
5.37003 74.3412;
5.40003 74.3047;
5.42003 74.3047;
5.44003 74.3047;
5.47003 74.3047;
5.49003 74.3047;
5.51003 74.3512;
5.54003 74.3512;
5.56003 74.3512;
5.58003 74.3512;
5.61003 74.3512;
5.63003 74.3553;
5.65003 74.3553;
5.68004 74.3553;
5.70004 74.3553;
5.72004 74.3462;
5.75004 74.3462;
5.77004 74.3462;
5.79004 74.3462;
5.82004 74.3462;
5.84004 74.3462;
5.86004 74.3462;
5.89004 74.3462;
5.91004 74.3462;
5.93004 74.3462;
5.96004 74.3462;
5.98004 74.3462;
6.00004 74.3462;
6.02004 74.3462;
6.05004 74.2473;
6.07004 74.2473;
6.09004 74.2473;
6.12005 74.2473;
6.14005 74.2473;
6.16005 74.2473;
6.19005 74.2473;
6.21005 74.2473;
6.23005 74.2473;
6.26005 74.2473;
6.28005 74.2473;
6.30005 74.2473;
6.33005 74.2473;
6.35005 74.2473;
6.37005 74.2473;
6.40005 74.2473;
6.42005 74.351;
6.44005 74.351;
6.47005 74.351;
6.49005 74.351;
6.51005 74.2151;
6.54005 74.2151;
6.56006 74.2151;
6.58006 74.2151;
6.61006 74.2151;
6.63006 74.2151;
6.65006 74.2151;
6.67006 74.2151;
6.70006 74.2151;
6.72006 74.2151;
6.74006 74.2151;
6.77006 74.2151;
6.79006 86.7224;
6.81006 86.7224;
6.84006 86.7224;
6.86006 74.136;
6.88006 74.136;
6.91006 74.136;
6.93006 74.136;
6.95006 74.3846;
6.98006 74.3846;
7.00007 74.3846;
7.02007 74.3846;
7.05007 74.3846;
7.07007 74.3063;
7.09007 74.3063;
7.12007 74.3063;
7.14007 74.3063;
7.16007 74.3063;
7.19007 74.3063;
7.21007 74.3063;
7.23007 74.3063;
7.26007 74.3063;
7.28007 74.3063;
7.30007 74.3063;
7.33007 74.3852;
7.35007 74.3852;
7.37007 74.3852;
7.39007 74.3852;
7.42007 74.3852;
7.44008 74.3852;
7.46008 74.3852;
7.49008 74.3852;
7.51008 74.3852;
7.53008 74.3852;
7.56008 74.3852;
7.58008 74.3852;
7.60008 74.3852;
7.63008 74.188;
7.65008 74.188;
7.67008 74.188;
7.70008 74.188;
7.72008 74.188;
7.74008 74.188;
7.77008 74.188;
7.79008 74.188;
7.81008 74.188;
7.84008 74.188;
7.86009 74.188;
7.88009 74.188;
7.91009 74.188;
7.93009 74.188;
7.95009 74.188;
7.98009 74.188;
8.00009 74.188;
8.02009 74.188;
8.04009 74.188;
8.07009 74.188;
8.09009 74.188;
8.11009 74.188;
8.14009 74.188;
8.16009 74.188;
8.18009 74.188;
8.21009 74.188;
8.23009 74.188;
8.25009 74.188;
8.28009 74.188;
8.30009 74.188;
8.3201 74.188;
8.3501 74.188;
8.3701 92.4719;
8.3901 92.4719;
8.4201 92.4719;
8.4401 74.2781;
8.4601 74.2781;
8.4901 74.2781;
8.5101 74.2781;
8.5301 74.2781;
8.5601 74.2653;
8.5801 74.2653;
8.6001 74.2653;
8.6301 74.2653;
8.6501 74.3929;
8.6701 74.3929;
8.7001 74.3929;
8.7201 74.3929;
8.7401 74.3929;
8.76011 74.3929;
8.79011 74.3929;
8.81011 74.3929;
8.83011 74.3929;
8.86011 74.3929;
8.88011 74.3929;
8.90011 74.3389;
8.93011 74.3389;
8.95011 74.3389;
8.97011 74.3389;
9.00011 74.3389;
9.02011 74.3389;
9.04011 74.3389;
9.07011 74.3389;
9.09011 74.3389;
9.11011 74.3482;
9.14011 74.3482;
9.16011 74.3482;
9.18011 74.3482;
9.21012 74.3482;
9.23012 74.3482;
9.25012 74.3449;
9.28012 74.3449;
9.30012 74.3449;
9.32012 74.3405;
9.35012 74.3405;
9.37012 74.3405;
9.39012 74.3405;
9.41012 74.3405;
9.44012 74.3405;
9.46012 74.3405;
9.48012 74.3405;
9.51012 74.3405;
9.53012 74.3405;
9.55012 74.3405;
9.58012 74.3405;
9.60012 74.3405;
9.62012 74.3405;
9.65013 74.3405;
9.67013 74.3405;
9.69013 74.3198;
9.72013 74.3198;
9.74013 74.3198;
9.76013 74.3198;
9.79013 74.3198;
9.81013 74.2635;
9.83013 74.2635;
9.86013 74.2635;
9.88013 86.5452;
9.90013 86.5452;
9.93013 86.5452;
9.95013 86.5452;
9.97013 86.5452;
10.0001 86.5452;
10.0201 86.5452;
10.0401 86.5452;
10.0701 86.5452;
10.0901 86.5452;
10.1101 86.5452;
10.1301 86.5452;
10.1601 86.5452;
10.1801 86.5452;
10.2001 86.5452;
10.2301 86.5452;
10.2501 86.5452;
10.2701 86.6698;
10.3001 86.6698;
10.3201 86.6698;
10.3401 86.6698;
10.3701 86.6698;
10.3901 86.6698;
10.4101 86.6698;
10.4401 86.6698;
10.4601 86.6698;
10.4801 74.4036;
10.5101 74.4036;
10.5301 74.4036;
10.5501 74.4036;
10.5801 74.4036;
10.6001 74.4036;
10.6201 74.4036;
10.6501 74.4036;
10.6701 74.4036;
10.6901 74.4036;
10.7201 74.3248;
10.7402 74.3248;
10.7602 74.3248;
10.7802 74.3248;
10.8102 86.7498;
10.8302 86.7498;
10.8502 86.7498;
10.8802 86.7498;
10.9002 86.7498;
10.9202 74.3204;
10.9502 74.3204;
10.9702 74.3204;
10.9902 74.3204;
11.0202 74.3204;
11.0402 74.3204;
11.0602 74.3204;
11.0902 74.3204;
11.1102 74.3204;
11.1302 74.3204;
11.1602 74.3204;
11.1802 74.3204;
11.2002 74.3204;
11.2302 74.3204;
11.2502 74.3204;
11.2702 74.3204;
11.3002 74.3204;
11.3202 74.3204;
11.3402 74.3204;
11.3702 74.3204;
11.3902 74.3059;
11.4102 74.3059;
11.4402 74.3059;
11.4602 74.3059;
11.4802 74.3059;
11.5002 74.3059;
11.5302 74.3059;
11.5502 74.3059;
11.5702 74.3059;
11.6002 74.3059;
11.6202 74.4111;
11.6402 74.4111;
11.6702 74.4111;
11.6902 74.4111;
11.7102 74.4111;
11.7402 74.3862;
11.7602 74.3862;
11.7802 74.3862;
11.8102 74.3862;
11.8302 74.3862;
11.8502 74.3862;
11.8802 74.3862;
11.9002 74.3862;
11.9202 74.3862;
11.9502 74.3862;
11.9702 74.3862;
11.9902 74.3862 ;
12.0202 74.3862;
12.0402 74.3862;
12.0602 74.3862;
12.0902 74.3862;
12.1102 74.3862;
12.1302 74.3862;
12.1502 74.3091;
12.1802 74.3091;
12.2002 74.3091;
12.2202 86.6268;
12.2502 86.6268;
12.2702 86.6268;
12.2902 74.3204;
12.3202 74.3204;
12.3402 74.3204;
12.3602 74.3204;
12.3902 74.3204;
12.4102 74.3078;
12.4302 74.3078;
12.4602 74.3078;
12.4802 74.3078;
12.5002 74.3078;
12.5302 74.5588;
12.5502 74.5588;
12.5702 74.5588;
12.6002 74.5588;
12.6202 74.259;
12.6402 74.259;
12.6702 74.259;
12.6902 74.259;
12.7102 74.291;
12.7402 74.291;
12.7602 74.291;
12.7802 74.291;
12.8102 74.291;
12.8302 74.2704;
12.8502 74.2704;
12.8702 74.2704;
12.9002 74.2704;
12.9202 74.2704;
12.9402 74.2704;
12.9702 74.2704;
12.9902 74.2704;
13.0102 74.2704;
13.0402 74.2704;
13.0602 74.2704;
13.0802 74.2704;
13.1102 74.2704;
13.1302 74.2704;
13.1502 74.2704;
13.1802 74.2704;
13.2002 74.2924;
13.2202 74.2924;
13.2502 74.2924;
13.2702 74.2924;
13.2902 74.2924;
13.3202 74.257;
13.3402 74.257;
13.3602 74.257;
13.3902 74.257;
13.4102 74.257;
13.4302 74.257;
13.4602 74.257;
13.4802 74.257;
13.5002 74.257;
13.5202 74.257;
13.5502 74.3444;
13.5702 74.3444;
13.5902 74.3444;
13.6202 74.3956;
13.6402 74.3956;
13.6602 86.7276;
13.6902 86.7276;
13.7102 86.7276;
13.7302 74.2288;
13.7602 74.2288;
13.7802 74.2288;
13.8002 74.2288;
13.8302 74.2288;
13.8502 74.2288;
13.8702 74.213;
13.9002 74.213;
13.9202 74.213;
13.9402 74.213;
13.9702 74.4489;
13.9902 74.4489;
14.0102 74.4489;
14.0402 74.4489;
14.0602 74.4489;
14.0802 74.4489;
14.1102 74.4489;
14.1302 74.4489;
14.1502 74.4489;
14.1702 74.4489;
14.2002 74.4489;
14.2202 74.4489;
14.2402 74.4489;
14.2702 74.4489;
14.2902 74.4489;
14.3102 74.4489;
14.3402 74.4489;
14.3602 74.4489;
14.3802 74.4489;
14.4102 74.4489;
14.4302 74.4489;
14.4502 74.4489;
14.4802 74.4489;
14.5002 74.4489;
14.5202 74.4489;
14.5502 74.4489;
14.5702 74.4489;
14.5902 74.4489;
14.6202 74.4489;
14.6402 74.4489;
14.6602 74.4489;
14.6902 74.4489;
14.7102 74.4489;
14.7302 74.4489;
14.7602 74.4343;
14.7802 74.4343;
14.8002 74.4343;
14.8302 74.4343;
14.8502 72.305;
14.8702 72.305;
14.8902 74.3303;
14.9202 74.3303;
14.9402 74.3303;
14.9602 74.3303;
14.9902 74.3303;
15.0102 74.2651;
15.0302 74.2651;
15.0602 74.2651;
15.0802 74.2651;
15.1003 74.2651;
15.1303 74.4153;
15.1503 74.4153;
15.1703 92.8436;
15.2003 92.8436;
15.2203 92.8436;
15.2403 92.8436;
15.2703 111.493;
15.2903 111.493;
15.3103 111.493;
15.3403 111.493;
15.3603 111.493;
15.3803 111.493;
15.4103 111.493;
15.4303 111.493;
15.4503 111.493;
15.4803 71.0374;
15.5003 71.0374;
15.5203 71.0374;
15.5403 71.0374;
15.5703 71.0374;
15.5903 71.0374;
15.6103 71.0374;
15.6403 71.0374;
15.6603 71.0374;
15.6803 71.0374;
15.7103 71.0374;
15.7303 111.841;
15.7503 111.841;
15.7803 111.841;
15.8003 111.841;
15.8203 111.869;
15.8503 111.869;
15.8703 73.4686;
15.8903 73.4686;
15.9203 112.049;
15.9403 112.049;
15.9603 112.049;
15.9903 111.751;
16.0103 111.751;
16.0303 111.751;
16.0603 111.751;
16.0803 111.751;
16.1003 111.751;
16.1303 111.751;
16.1503 111.751;
16.1703 111.751;
16.2003 111.751;
16.2203 111.751;
16.2403 111.751;
16.2603 111.751;
16.2903 111.872;
16.3103 111.872;
16.3303 111.872;
16.3603 111.872;
16.3803 111.872;
16.4003 111.872;
16.4303 111.862;
16.4503 111.862;
16.4703 111.862;
16.5003 111.862;
16.5203 111.862;
16.5403 112.062;
16.5703 112.062;
16.5903 111.636;
16.6103 111.636;
16.6403 111.636;
16.6603 111.636;
16.6803 111.636;
16.7103 111.977;
16.7303 111.977;
16.7503 111.977;
16.7803 111.977;
16.8003 112.02;
16.8203 112.02;
16.8503 112.02;
16.8703 112.02;
16.8903 112.02;
16.9103 112.02;
16.9403 111.865;
16.9603 111.865;
16.9803 111.865;
17.0103 111.865;
17.0303 111.865;
17.0503 111.865;
17.0803 111.865;
17.1003 111.814;
17.1203 111.814;
17.1503 111.814;
17.1703 111.814;
17.1903 111.814;
17.2203 111.814;
17.2403 111.814;
17.2603 111.814;
17.2903 111.814;
17.3103 111.814;
17.3303 111.814;
17.3603 111.814;
17.3803 111.814;
17.4003 111.814;
17.4303 55.3735;
17.4503 55.3735;
17.4703 55.3735;
17.5003 55.3735;
17.5203 55.3735;
17.5403 80.0441;
17.5703 80.0441;
17.5903 80.0441;
17.6103 80.0441;
17.6303 80.0441;
17.6603 79.9607;
17.6803 79.9607;
17.7003 79.9607;
17.7303 79.9607;
17.7503 68.0001;
17.7703 68.0001;
17.8003 68.0001;
17.8203 68.0001;
17.8403 68.0001;
17.8703 68.0001;
17.8903 79.8599;
17.9103 79.8599;
17.9403 79.8599;
17.9603 67.7888;
17.9803 67.7888;
18.0103 67.7888;
18.0303 67.7888;
18.0503 67.7888;
18.0803 67.7888;
18.1003 67.7888;
18.1203 67.7888;
18.1503 83.4709;
18.1703 83.4709;
18.1903 83.4709;
18.2203 79.9971;
18.2403 79.9971;
18.2603 79.9971;
18.2803 79.9971;
18.3103 79.9971;
18.3303 79.9971;
18.3503 79.9971;
18.3803 79.9971;
18.4003 79.9971;
18.4203 79.9971;
18.4503 79.9971;
18.4703 79.9971;
18.4903 79.9971;
18.5203 79.9971;
18.5403 79.9971;
18.5603 79.9971;
18.5903 79.9971;
18.6103 79.9971;
18.6303 79.9971;
18.6603 79.9971;
18.6803 79.9971;
18.7003 79.9971;
18.7303 79.9971;
18.7503 79.9971;
18.7703 79.9971;
18.8003 79.9971;
18.8203 79.9971;
18.8403 79.9971;
18.8703 79.9971;
18.8903 79.9971;
18.9103 79.9971;
18.9403 79.9971;
18.9603 79.9971;
18.9803 79.9971;
19.0003 79.9971;
19.0303 79.9971;
19.0503 79.9971;
19.0703 79.9971;
19.1003 79.9971;
19.1203 79.9971;
19.1403 79.9971;
19.1703 79.9971;
19.1903 79.9971;
19.2103 79.9971;
19.2403 79.9971;
19.2603 79.9971;
19.2803 79.9971;
19.3103 79.9971;
19.3303 79.9971;
19.3503 79.9971;
19.3803 79.9971;
19.4003 79.9971;
19.4203 79.9971;
19.4503 79.9971;
19.4704 79.9971;
19.4904 79.9971;
19.5204 79.9971;
19.5404 79.9971;
19.5604 79.9971;
19.5904 79.9971;
19.6104 79.9971;
19.6304 79.9971;
19.6504 79.9971;
19.6804 79.9971;
19.7004 94.9311;
19.7204 94.9311;
19.7504 94.9311;
19.7704 70.801;
19.7904 70.801;
19.8204 70.801;
19.8404 70.801;
19.8604 70.801;
19.8904 70.801;
19.9104 70.801;
19.9304 70.801;
19.9604 70.801;
19.9804 70.801;
20.0004 70.801;
