0 0 0 0;
0 0 0 0;
0 0 0 0;
0 0 0 0;
0 0 0 0;
0 0 0 0;
0 0 0 0;
0 0 0 0;
0 0 0 0;
0 0 0 0;
0 0 0 0;
0 0 0 0;
0 0 0 0;
0 0 0 0;
0 0 0 0;
0 0 0 0;
0 0 0 0;
0 0 0 0;
0 0 0 0;
0 0 0 0;
0 0 0 0;
0 0 0 0;
0 0 0 0;
0 0 0 0;
0 0 0 0;
0 0 0 0;
0 0 0 0;
0 0 0 0;
0 0 0 0;
0 0 0 0;
0 0 0 0;
0 0 0 0;
0 0 0 0;
0 0 0 0;
0 0 0 0;
0 0 0 0;
0 0 0 0;
0 0 0 0;
0 0 0 0;
0 0 0 0;
0 0 0 0;
0 0 0 0;
0 0 0 0;
0 0 0 0;
0 0 0 0;
0 0 0 0;
0 0 0 0;
0 0 0 0;
0 0 0 0;
0 0 0 0;
0 0 0 0;
0 0 0 0;
0 0 0 0;
0 0 0 0;
0 0 0 0;
0 0 0 0;
0 0 0 0;
0 0 0 0;
0 0 0 0;
0 0 0 0;
0 0 0 0;
42.4331 0 0 0;
42.428 54.435 61.319 70.252;
66.0411 54.4835 61.3493 82.1375;
33.3839 81.7442 83.727 111.988;
42.2046 63.8295 70.2234 72.1141;
42.3842 55.031 61.3557 76.1023;
41.8416 54.4722 61.3785 70.2226;
33.9202 53.7847 61.0318 106.188;
43.8074 45.7253 83.3009 105.643;
42.1878 53.8266 61.2272 90.3592;
42.6431 54.0189 60.8325 72.8613;
61.3367 54.206 61.3125 70.2134;
0 69.869 73.0629 105.779;
0 0 0 0;
131.104 0 0 0;
131.104 0 0 0;
131.104 0 0 0;
131.104 0 0 0;
112.957 0 0 0;
42.1672 121.128 0 0;
42.2932 55.1174 73.5407 78.4427;
77.9996 54.1838 61.344 73.2982;
44.7426 105.667 110.464 113.715;
104.891 73.9733 84.274 88.2001;
104.995 105.142 105.375 120.833;
103.406 109.54 109.981 124.894;
100.533 105.483 110.18 119.417;
82.9106 109.537 110.196 112.363;
80.3003 89.8478 106.54 107.436;
80.7907 82.0099 83.1304 92.4512;
104.842 92.8041 106.785 110.285;
92.8198 119.739 132.537 0;
88.5101 97.7532 101.288 104.743;
69.1352 99.4071 105.732 107.066;
104.69 89.2455 92.6866 99.7702;
92.8476 106.782 108.578 110.287;
73.8334 104.842 119.514 124.992;
39.6875 104.254 104.742 107.477;
92.696 90.3984 104.363 104.84;
92.877 104.703 106.757 119.723;
92.8402 104.697 106.788 110.29;
97.2752 104.83 110.429 113.358;
91.744 102.797 113.748 119.491;
69.2377 103.058 105.413 106.607;
88.0957 99.7328 106.77 119.737;
92.8148 96.5277 99.9452 106.776;
102.766 104.832 107.517 119.769;
80.0291 117.6 126.034 126.576;
80.5623 106.6 110.072 114.736;
92.9579 88.001 99.7499 106.769;
92.7857 99.6115 106.786 110.306;
102.76 97.7738 107.519 119.518;
102.608 104.769 117.606 119.481;
96.8795 106.598 110.079 112.865;
92.9406 99.7465 106.801 110.27;
92.7803 107.47 107.639 119.748;
99.4184 97.7618 104.798 107.523;
103.271 99.7367 109.037 113.967;
99.773 106.705 108.121 109.93;
92.9191 106.177 106.797 108.569;
73.833 109.758 119.49 126.148;
87.866 97.7542 104.791 109.868;
92.6997 108.269 114.709 120.421;
106.78 104.624 106.791 110.25;
92.885 110.279 112.976 113.199;
73.707 101.596 104.876 108.95;
90.4166 97.7602 104.779 106.184;
69.1138 99.438 102.728 103.075;
80.8298 104.639 126.429 130.793;
92.8667 102.43 106.78 110.285;
85.765 104.841 108.928 109.892;
68.1645 104.747 109.86 110.721;
69.0408 104.776 106.102 106.613;
80.0628 104.676 117.61 119.734;
86.9706 80.8646 106.784 110.289;
103.027 92.8341 104.839 111.263;
104.835 104.242 104.745 107.485;
99.745 105.49 106.702 110.133;
80.8448 104.702 106.762 113.205;
92.8277 104.691 104.899 106.784;
119.489 104.835 107.085 108.722;
87.7944 126.569 127.821 0;
80.5661 106.601 110.074 120.425;
92.9116 87.9532 99.7381 106.771;
92.8098 110.3 126.492 127;
96.8883 102.342 103.203 104.834;
78.4492 101.047 102.762 104.268;
96.4207 80.0463 98.2388 106.699;
92.9354 99.7508 106.775 113.199;
85.8147 119.754 123.079 126.151;
99.4358 92.8011 97.7714 104.801;
106.095 104.77 111.755 112.583;
99.7642 106.603 110.076 110.489;
92.9297 106.803 110.288 113.193;
92.7783 107.479 109.75 126.149;
102.73 97.7574 104.789 107.517;
102.497 104.823 106.224 120.413;
106.8 104.71 106.706 109.938;
92.9075 110.284 113.197 119.743;
73.8266 104.885 107.476 109.754;
102.757 104.787 107.523 108.756;
106.709 104.818 107.09 111.274;
88.0474 106.877 108.52 109.94;
109.89 106.802 110.276 113.208;
73.7827 0 0 0;
106.617 101.675 106.221 109.862;
69.1616 107.045 109.399 109.797;
80.8457 102.54 104.639 120.863;
92.8679 102.42 104.705 106.784;
73.8139 104.831 109.891 121.474;
39.4757 102.109 104.241 104.749;
69.1306 61.1815 99.3808 101.248;
80.8299 90.7482 104.69 106.756;
92.8495 92.8676 104.699 106.78 ;
102.491 104.839 118.399 119.515;
83.6535 104.268 104.739 107.488;
80.4932 99.5186 103.078 106.277;
92.8833 89.2407 92.7225 99.7338;
92.8402 99.6582 104.696 106.776;
103.051 104.831 107.52 119.516;
97.127 113.655 119.488 120.41;
80.559 99.4197 106.308 106.702;
80.8673 99.7416 106.166 106.77;
92.8136 98.314 101.837 106.776;
101.613 104.827 107.518 119.533;
97.1565 119.475 120.623 0;
80.6202 97.9202 106.697 110.139;
92.9329 99.7493 106.776 110.265;
92.8123 106.791 107.051 110.305;
99.4061 97.7788 100.615 104.804;
87.8465 104.772 108.716 113.275;
94.7499 100.582 106.608 110.077;
107.476 99.7629 106.801 110.288;
73.8217 0 0 0;
93.4813 92.7749 97.7562 104.792;
80.2331 99.4578 102.757 104.798;
106.803 102.563 104.617 106.619;
92.9093 108.56 110.286 119.742;
73.8243 99.6018 109.764 123.939;
99.4532 97.7578 104.785 106.216;
104.627 102.73 120.422 123.02;
106.783 110.267 120.642 120.981;
101.789 110.286 113.199 119.742;
92.8011 109.894 0 0;
78.2304 104.746 106.53 107.515;
106.562 80.6411 83.5962 86.0858;
80.7885 106.884 111.498 112.758;
92.854 92.8453 96.5269 106.778;
85.822 104.841 109.895 111.142;
95.3437 97.2263 99.3913 101.67;
90.1355 98.2708 106.616 108.054;
66.2226 105.838 106.089 106.623;
106.142 99.9322 105.89 106.122;
40.0407 110.693 126.583 128.112;
81.0442 49.0974 59.6641 105.309;
101.804 92.5734 105.204 106.126;
93.0325 107.698 108.023 111.518;
91.6063 105.011 109.982 119.601;
115.806 106.302 106.67 109.95;
87.2036 116.406 119.376 123.078;
74.365 90.5917 96.6839 101.752;
105.571 104.274 121.594 0;
67.6913 110.716 120.408 120.517;
105.626 94.2979 97.8215 107.384;
49.2704 108.177 117.163 120.246;
74.4339 74.1873 93.532 110.615;
111.327 122.761 123.777 0;
72.5391 112.747 120.519 121.681;
105.615 112.144 116.562 120.513;
74.0869 105.962 109.807 124.764;
74.5198 110.607 115.565 121.133;
105.091 121.827 0 0;
72.4357 110.018 111.912 112.73;
72.1966 100.96 110.707 117.764;
74.0499 91.8827 112.779 117.706;
74.6464 86.0524 105.32 110.841;
111.331 105.087 112.123 128.286;
72.4079 112.725 116.271 116.905;
91.853 92.4571 100.965 107.059;
74.0454 104.981 109.665 116.656;
74.6695 101.353 123.779 126.549;
94.2423 108.285 111.964 125.72;
72.382 103.981 105.669 111.695;
74.507 93.0545 105.678 109.428;
74.0989 86.663 100.575 115.72;
74.6922 93.4584 126.838 128.193;
94.2889 105.624 107.797 108.274;
72.2589 107.952 120.042 120.42;
74.3929 74.2252 108.156 110.316;
74.1944 96.639 109.041 111.458;
102.455 94.0674 103.273 105.764;
115.287 105.603 107.969 108.257;
93.0931 126.359 126.578 132.393;
96.0726 102.352 105.671 106.756;
74.1889 97.9402 100.23 110.038;
74.5252 101.139 105.767 108.998;
105.461 105.578 108.261 118.54;
48.7434 105.687 112.623 114.4;
74.1774 74.377 102.361 105.639;
74.34 101.753 104.942 105.451;
105.563 121.602 122.755 0;
103.191 112.749 116.264 125.723;
102.358 114.233 116.567 119.012;
59.1882 105.607 113.449 125.72;
74.4866 74.0341 102.281 103.624;
91.8281 103.654 105.077 107.375;
72.5187 102.43 105.523 118.555;
82.4753 97.2879 110.758 118.892;
85.9752 104.562 113.427 0;
74.5493 105.851 110.655 114.034;
92.3945 103.398 104.337 110.332;
72.4405 93.0269 106.011 107.975;
82.7416 95.6903 98.8992 113.093;
74.0424 95.5751 96.2281 101.347;
74.6638 105.293 105.913 114.025;
94.2166 125.713 0 0;
72.3982 104.555 105.121 105.457;
74.5313 91.5624 101.264 102.11;
74.0698 100.088 102.018 103.356;
74.6654 102.201 110.941 0;
94.271 106.124 107.571 111.323;
72.237 103.282 111.331 116.275;
66.8356 88.844 97.6804 102.773;
74.1017 74.4475 101.79 106.188;
74.68 103.639 106.29 119.1;
94.271 105.614 108.267 112.942;
72.2205 105.432 116.559 120.522;
99.3109 88.8226 99.5076 102.088;
74.1305 109.529 110.427 117.47;
102.442 108.414 116.318 0;
105.426 105.603 108.266 114.558;
103.064 105.681 106.252 110.773;
74.2206 105.289 105.655 106.011;
74.3084 92.8791 98.326 101.986;
92.4314 105.766 119.122 123.036;
89.6109 105.577 105.837 107.752;
93.4585 92.4984 105.672 109.394;
74.1628 93.8839 105.096 105.629;
74.4317 93.9065 100.057 101.756;
120.41 101.405 126.577 0;
28.7656 120.516 121.681 126.598;
84.6239 84.5684 86.3866 96.7498;
74.0867 105.609 108.185 111.866;
74.4746 80.3539 97.0617 98.1534;
110.017 114.014 0 0;
72.4827 120.415 120.652 120.886;
114.376 110.057 119.389 119.697;
73.8961 120.059 127.543 0;
74.5648 102.681 110.662 122.71;
104.575 114.018 114.806 125.714;
72.4118 105.463 111.91 112.735;
98.6238 96.6229 100.977 101.308;
74.0466 105.62 111.103 113.423;
74.6542 86.0813 98.1691 105.311;
94.2274 113.08 114.007 114.804;
72.4013 107.96 111.321 121.358;
58.9845 96.1903 97.6951 102.101;
74.1166 74.4804 82.4246 89.8332;
74.668 99.976 119.935 128.193;
94.2514 104.096 118.889 120.062;
93.9866 105.425 116.05 126.578;
74.4523 97.6965 102.084 105.683;
74.0957 115.718 123.782 128.205;
74.6915 103.301 108.648 0;
88.9721 91.0798 105.606 107.984;
94.4643 91.1354 101.343 115.266;
74.4164 102.069 102.353 103.677;
74.198 92.8975 98.3046 111.706;
102.433 91.6797 95.2805 108.378;
94.2973 105.584 120.408 125.722;
105.473 105.46 105.681 106.26;
74.1355 105.657 110.127 110.504;
74.2491 114.417 126.565 128.208;
105.567 106.38 108.398 112.659;
94.2903 110.714 120.408 120.99;
93.4789 111.343 126.508 126.575;
74.1721 93.8293 102.371 105.623;
74.433 108.307 121.649 126.541;
91.9111 129.422 0 0;
72.5613 103.975 110.729 112.743;
105.613 96.1831 110.056 120.407;
74.1059 115.269 117.813 122.845;
74.5075 105.755 108.303 114.489;
102.425 110.181 114.834 118.897;
105.478 105.105 116.273 120.533;
112.778 109.432 115.283 120.285;
74.0555 116.25 117.818 123.792;
74.5774 102.233 105.31 108.686;
103.292 95.1546 105.084 119.857;
72.4093 104.569 111.901 112.732;
90.6885 95.0078 118.886 119.879;
102.243 98.3057 101.382 103.339;
74.6773 108.475 122.751 128.192;
104.337 104.572 125.718 0;
72.4062 105.673 106.198 116.272;
74.4812 95.6665 97.7 100.919;
74.0257 76.3832 97.2932 99.3136;
74.6797 126.266 0 0;
92.4931 104.576 108.27 111.328;
72.257 94.2396 107.953 116.553;
74.3935 88.8506 101.28 103.397;
74.1143 90.617 100.242 105.583;
74.6705 124.794 132.664 0;
94.2742 102.444 105.603 107.974;
102.079 100.357 107.951 111.006;
74.3699 105.668 107.228 110.118;
74.1938 82.3177 99.1048 103.354;
102.446 97.6669 105.77 110.452;
97.2134 105.586 108.259 109.301;
92.6212 106.248 109.398 115.266;
74.2011 93.8809 102.364 103.675;
74.3631 108.678 117.119 117.346;
92.4328 93.9783 106.878 113.307;
92.538 105.56 110.716 112.746;
93.5008 123.47 129.694 0;
74.1363 93.8577 105.624 111.468;
74.4638 119.713 122.149 122.893;
116.275 107.791 107.943 0;
72.5358 120.522 121.682 125.516;
82.4597 107.052 125.875 126.575;
74.0485 89.7594 108.495 117.708;
74.5466 96.6395 102.255 122.401;
90.3158 105.087 110.183 126.718;
72.4418 102.417 106.025 107.758;
59.1412 91.1141 97.3333 100.455;
74.0349 82.5149 91.8334 123.621;
74.64 105.921 120.112 128.196;
105.129 114.007 120.814 121;
72.3435 105.458 110.016 111.908;
48.2751 91.9819 101.258 102.094;
74.0767 74.5488 90.6676 98.6747;
74.6953 108.351 120.188 0;
94.2422 120.403 125.718 0;
84.5199 111.322 113.959 115.876;
74.4314 97.7051 105.676 110.313;
74.0343 88.7565 98.009 103.337;
74.689 117.415 0 0;
94.2581 105.62 108.274 110.191;
72.2373 108.14 120.418 126.576;
74.3745 88.8444 92.6343 93.9571;
74.1455 82.3311 90.5917 117.337;
102.442 108.404 116.321 125.632;
94.2873 105.601 108.256 116.53;
88.8229 109.381 109.623 111.327;
74.2124 93.9293 110.12 112.348;
74.3678 95.2366 95.6283 96.6477;
74.5248 93.5399 102.649 108.998;
92.4846 102.433 105.581 109.653;
92.6535 94.3073 105.459 110.242;
74.1772 102.371 105.481 108.19;
74.3581 80.069 82.0881 119.623;
89.692 93.9629 0 0;
86.4328 112.744 116.893 118.574;
98.6076 92.5153 95.6658 107.961;
74.1017 105.62 109.449 109.771;
74.4795 108.319 109.5 111.394;
102.41 107.791 107.953 109.82;
72.5179 110.723 111.907 126.592;
113.648 110.057 116.572 121.694;
74.0367 114.559 116.212 121.079;
74.5512 102.229 116.184 119.104;
104.571 110.33 111.93 114.005;
72.3891 105.108 111.324 111.907;
72.3384 86.4091 87.4886 105.473;
74.0267 98.2764 105.618 114.749;
74.6492 105.292 129.276 0;
105.457 108.692 125.717 0;
72.3978 116.907 120.647 121.195;
66.6424 95.6542 97.6973 101.251;
74.0346 74.5384 82.5052 90.6652 ;
74.6969 112.674 123.778 0;
95.5814 108.282 108.687 120.402;
72.3694 105.434 107.956 120.288;
119.725 93.9861 95.6628 101.296;
74.1656 120.579 0 0;
74.6822 103.65 110.8 120.418;
94.2784 102.446 104.317 105.619;
102.092 97.1873 108.149 111.321;
74.4666 105.678 106.296 108.159;
74.1557 89.7446 100.053 106.162;
105.596 103.681 105.769 116.316;
105.676 108.26 120.407 120.506;
102.368 105.947 111.326 119.257;
84.9096 105.656 108.179 110.019;
74.3365 92.8924 101.746 108.303;
96.6157 110.659 112.672 113.199;
102.966 102.435 105.575 107.751;
82.509 111.554 116.562 119.262;
74.1557 86.5421 102.366 105.621;
74.4219 101.735 109.495 117.341;
109.876 93.9603 0 0;
72.5648 110.726 112.748 116.272;
105.614 120.513 123.462 0;
105.866 114.565 115.974 117.379;
74.4758 109.528 126.566 0;
97.1623 105.084 107.95 116.753;
72.4891 105.091 110.008 114.279;
72.1285 75.9855 84.6145 106.653;
39.9998 80.7263 100.557 105.619;
74.5884 74.0463 86.0432 97.4323;
94.1861 94.3121 105.08 115.818;
72.4184 105.47 112.731 116.911;
66.4424 91.531 95.6708 102.113;
83.092 98.2893 105.622 107.039;
74.6992 102.201 105.306 122.656;
94.2343 113.066 119.768 125.718;
91.5634 111.327 114.896 118.183;
69.1023 92.5974 97.686 98.9401;
74.0155 74.4168 79.3068 92.9264;
74.6842 102.207 130.716 0;
67.862 120.404 125.717 126.538;
72.2481 94.2482 107.954 118.899;
74.4098 102.08 105.682 107.277;
74.1229 82.2494 92.7833 99.313;
74.6671 100.43 108.406 119.188;
105.982 102.431 105.61 108.266;
102.362 106.246 111.334 116.569;
74.343 103.672 105.662 106.319;
74.269 92.8979 98.8292 103.575;
74.549 105.766 114.472 116.307;
92.5189 102.441 105.595 114.562;
94.4851 94.2958 105.684 106.262;
74.202 102.359 105.477 105.653;
74.3788 103.57 108.274 109.231;
105.559 93.9707 122.759 125.705;
84.5517 110.712 112.091 112.74;
82.5136 92.5007 105.469 108.607;
74.1781 93.516 105.613 113.431;
74.4513 108.301 119.624 119.709;
112.74 100.916 107.793 121.143;
86.4063 120.523 120.89 120.982;
91.9205 103.234 107.047 116.562;
74.0443 105.618 120.875 122.838;
74.5403 110.594 128.196 0;
102.427 114.121 118.308 126.716;
72.4822 104.568 105.097 110.004;
59.2024 119.464 119.866 121.584;
74.0549 74.5501 91.8802 117.707;
74.5802 102.222 105.297 117.907;
102.947 112.132 120.814 126.453;
72.405 105.123 105.462 111.313;
103.549 99.5294 100.926 101.218;
74.0952 111.231 118.584 120.589;
74.6664 127.441 128.193 0;
93.0023 101.139 108.698 125.72;
97.7012 121.846 0 0;
69.0833 101.792 105.672 107.055;
74.0366 74.3954 103.592 108.737;
74.6783 100.443 106.308 119.1;
79.675 120.403 125.718 126.539;
72.1355 94.2877 108.79 111.328;
86.6109 105.672 109.09 110.32;
74.1237 92.8926 95.5618 110.384;
102.441 100.029 105.78 108.661;
94.2831 105.596 107.98 108.251;
92.6507 109.384 116.562 119.26;
82.1558 102.085 102.381 105.661;
74.2114 87.0975 92.783 104.802;
74.5087 110.655 117.702 121.598;
86.3939 102.435 105.574 120.41;
102.374 92.5127 94.2925 105.684;
74.1512 105.084 105.474 105.978;
74.3903 96.6439 101.767 114.89;
105.558 93.9847 0 0;
72.5791 110.037 117.673 120.413;
84.4614 114.379 118.891 120.41;
74.1325 103.625 105.622 108.193;
74.4623 108.32 114.886 119.11;
102.411 114.842 121.286 0;
72.4895 110.038 110.727 112.74;
89.7574 110.058 112.137 119.388;
74.0482 105.618 107.179 111.467;
74.5695 105.741 108.329 121.022;
97.1305 88.694 110.332 119.574;
72.4422 105.108 107.753 112.733;
89.858 113.666 128.151 131.051;
93.5298 98.3193 100.089 102.641;
74.6585 105.313 110.609 115.905;
102.977 125.717 128.905 130.97;
72.4119 104.53 105.122 111.326;
74.5094 88.8976 104.534 111.293;
74.0516 88.7752 96.6744 98.3165;
74.6988 105.308 122.75 126.249;
79.7325 104.783 108.275 108.733;
72.4053 94.2453 105.429 107.95;
74.4596 74.17 91.5818 92.5924;
74.1332 96.6491 110.408 111.713;
74.6903 108.691 128.633 0;
94.2792 102.451 105.619 117.52;
74.3338 105.426 108.143 111.327;
72.9072 102.092 107.972 110.12;
74.1407 74.2029 94.3836 95.1209;
105.274 98.9115 110.754 116.198;
105.457 105.593 108.262 110.323;
82.5374 105.677 106.242 109.381;
74.3565 92.632 105.303 105.659;
74.2851 101.739 103.605 104.939;
74.5213 108.391 0 0;
28.7656 105.574 110.707 112.751;
103.628 92.5188 113.809 116.565;
66.7177 105.079 105.625 109.769;
74.427 74.1596 93.5478 108.696;
102.425 104.288 108.649 0;
72.5549 110.021 111.317 112.084;
105.615 114.377 119.008 120.526;
74.0769 113.441 127.548 128.299;
74.5004 96.679 108.312 110.621;
102.423 107.785 107.954 110.193;
72.4834 110.023 111.913 116.272;
72.2594 115.291 118.882 123.874;
74.0485 122.033 128.211 0;
74.5709 97.068 101.365 105.314;
104.57 101.787 105.08 119.871;
72.4118 105.099 105.464 111.912;
90.6793 90.5718 102.1 108.932;
74.0638 92.8755 111.706 120.587;
74.655 102.217 111.955 122.751;
111.326 108.275 112.12 125.636;
84.5424 120.412 121.852 121.979;
74.4529 105.676 106.284 110.314;
73.9983 78.6632 88.7495 90.7382;
74.6867 94.0855 117.323 128.106;
94.2788 108.271 119.125 120.406;
102.081 107.958 111.328 120.412;
49.5872 103.68 105.674 106.756;
74.1109 74.4984 98.2961 122.277;
102.439 105.767 110.622 119.107;
94.2854 104.571 105.609 107.978;
92.6609 95.5959 97.1891 105.43;
74.3898 102.094 105.3 110.313;
74.2453 92.9231 103.572 110.409;
74.5367 105.773 116.317 0;
93.0335 102.447 105.583 112.744;
105.486 94.2881 105.455 112.139;
74.1947 105.64 106.293 108.167;
49.2154 92.92 93.5833 96.6722;
102.426 74.34 112.854 116.158;
96.7842 105.564 120.41 120.517;
102.373 97.1768 109.398 111.348;
74.1105 105.617 108.184 109.997;
74.4481 105.401 121.003 126.543;
104.328 93.9492 107.946 122.76;
72.534 105.085 110.029 111.323;
105.62 110.057 111.947 113.106;
74.0229 119.749 121.263 124.017;
74.5452 105.745 110.607 118.15;
102.436 107.937 110.331 112.14;
72.4339 105.096 106.525 107.767;
91.9508 94.4209 99.9326 104.3;
102.249 117.716 119.746 122.626;
74.6621 117.767 119.438 0;
94.2008 106.137 116.874 125.713;
72.391 105.118 105.46 107.971;
98.0176 89.9677 91.5933 97.0487;
74.0733 103.558 112.795 120.582;
74.6708 105.312 118.857 122.744;
79.6991 108.29 120.066 120.404;
91.5505 111.318 117.559 122.933;
74.4893 92.5846 97.7304 102.094;
74.1137 97.6756 102.02 108.724;
74.6694 128.41 0 0;
116.569 98.5176 105.617 108.265;
74.239 120.417 121.541 125.705;
74.3851 88.8236 101.281 107.982;
74.1384 89.6936 105.583 112.384;
102.437 108.419 116.319 120.189;
92.489 105.6 107.97 108.255;
93.9397 97.1863 100.402 106.266;
74.3585 98.9935 105.67 108.929;
74.2743 82.7247 92.9019 103.571;
74.504 110.631 122.756 0;
51.8329 102.435 105.583 120.407;
93.4648 92.5132 92.9848 110.783;
74.1789 102.379 110.009 110.309;
74.3831 93.5384 101.748 105.459;
105.56 90.4094 93.9674 102.302;
72.7166 111.512 112.749 117.322;
105.611 91.6267 120.407 123.462;
74.1504 106.362 108.184 110.326;
74.4692 105.734 110.605 121.133;
101.381 110.188 123.775 126.45;
72.4991 107.759 109.307 110.016;
103.614 84.6187 121.706 123.756;
74.0398 105.617 114.764 0;
74.5613 85.9818 105.747 110.604;
105.112 110.323 112.15 126.722;
72.4502 110.023 111.77 111.92;
89.8197 91.5707 115.506 119.874;
74.0271 92.8574 95.1822 104.416;
74.6434 102.209 115.681 123.785;
97.1374 99.4987 103.645 112.127;
72.2474 102.974 104.55 111.325;
96.4948 86.3133 104.521 116.895;
73.8639 105.738 110.307 110.993;
76.0284 94.1013 99.7701 110.578;
74.0021 86.8538 101.672 111.451;
103.709 75.9479 111.536 0;
0 111.479 113.264 0;
0 0 0 0;
0 0 0 0;
34.9918 0 0 0;
33.161 56.9211 61.3703 64.4288;
82.147 66.5034 68.9817 90.1859;
71.2897 90.9615 96.1644 105.575;
70.7784 84.4708 122.943 0;
46.0788 95.0626 104.783 116.601;
28.7656 71.0847 95.0016 98.9071;
46.6631 47.3927 65.31 70.9305;
67.3759 53.6168 59.3214 62.508;
67.1245 79.9787 96.0675 119.036;
79.9323 92.1917 95.778 99.2266;
77.8281 95.7624 106.024 109.54;
102.26 94.4961 95.0637 96.2905;
83.168 107.377 109.435 112.175;
56.0194 98.7839 99.1791 100.281;
55.8471 76.8466 85.5297 111.847;
77.0756 76.941 104.553 105.517;
28.7656 100.855 105.412 109.29;
93.5567 76.9409 88.9261 99.8322;
69.327 98.7798 108.249 111.891;
65.7442 76.8119 85.4967 93.727;
49.1047 76.973 85.3906 97.4571;
77.1013 76.9558 85.5375 91.3747;
77.0288 109.301 111.045 111.822;
69.2707 111.866 0 0;
65.1996 76.7895 85.4882 93.7427;
110.196 88.2741 93.5796 94.4161;
77.1688 111.785 112.412 119.644;
77.0013 111.83 112.133 113.339;
56.0838 111.156 111.861 0;
70.2332 69.2881 76.7712 85.5198;
102.084 77.0334 97.4032 111.26;
77.1784 107.661 110.19 111.787;
76.9891 96.868 108.452 108.649;
56.0629 111.006 111.154 111.857;
72.3554 76.8208 85.519 97.5158;
85.4907 85.3514 89.1274 97.402;
77.2472 88.9544 90.903 100.465;
66.7294 93.5003 112.115 116.092;
55.7704 76.9066 91.3003 96.914;
55.1773 69.3758 76.8475 85.5171;
62.1835 77.1022 97.3967 109.29;
77.2082 69.1953 85.4623 97.3426;
76.9404 93.5078 112.117 123.691;
55.6593 95.5894 111.13 111.848;
70.1427 69.4486 76.8512 90.8251;
73.4132 89.0958 109.282 111.781;
77.2187 88.9371 97.3668 111.797;
76.8981 93.5349 99.1688 112.113;
76.8962 85.4958 104.565 111.846;
54.9336 85.4933 88.2603 110.009;
91.6043 70.0841 81.3778 85.4015;
70.3684 97.336 110.917 111.054;
69.3636 101.384 106.785 111.87;
55.8225 76.8446 85.5074 95.5964;
91.3683 76.948 91.2439 104.542;
76.9503 91.9645 109.267 115.188;
93.5405 81.5235 102.113 110.918;
56.0427 108.503 111.894 113.053;
76.9371 76.8316 85.5272 93.7298;
55.0477 97.0217 109.35 111.804;
77.0596 105.442 106.962 111.774;
77.0304 89.955 101.75 111.821;
48.4302 111.865 117.663 0;
88.2704 76.7813 83.8029 85.5062;
55.2382 93.5843 102.071 111.801;
77.1529 76.9211 98.6716 108.485;
64.1602 96.8598 111.653 111.829;
56.0521 77.015 111.16 111.862;
70.0806 69.2899 76.7907 85.5365;
83.6067 72.495 76.9909 97.3962;
77.2786 90.942 100.477 108.902;
76.9653 93.5236 112.122 123.983;
55.8825 104.567 109.573 111.007;
70.0879 76.8215 85.5364 109.99;
85.5197 77.013 97.3814 107.533;
72.7697 94.7538 111.79 112.908;
76.9706 77.2224 93.512 110.137;
55.8471 93.7011 111.135 111.855;
77.0695 69.3909 76.8239 85.5406;
95.4051 109.296 111.791 115.216;
0 95.9331 97.2958 110.213;
107.642 0 0 0;
43.5745 108.056 112.723 115.083;
99.6651 55.3581 62.3754 77.0751;
0 119.425 126.223 0;
114.501 0 0 0;
43.3022 0 0 0;
43.7646 55.4173 62.4288 71.1775;
76.8768 55.3383 71.2648 74.2999;
81.2661 91.2833 94.3038 95.0696;
79.9099 84.8588 91.2935 94.2965;
67.0912 92.3862 101.763 0;
79.9336 78.6859 92.1775 95.7765;
46.5574 88.1072 95.7736 101.151;
39.3593 79.4244 91.3666 94.4836;
67.379 67.6953 96.2285 105.936;
79.9475 78.7473 87.0798 111.015;
65.9757 92.1772 95.7735 101.599;
91.3321 68.223 79.875 119.88;
67.6984 94.4559 112.447 114.802;
67.3105 71.8358 93.6551 96.2033;
79.9502 80.0092 87.0307 95.7942;
65.7086 92.1723 95.7734 101.798;
91.37 68.3169 79.8292 82.1391;
67.7048 94.4065 113.598 114.02;
67.2577 80.0012 102.792 104.742;
79.984 79.9776 87.0333 95.7822;
68.363 87.8863 92.1694 95.7691;
104.102 79.6914 89.3496 113.297;
67.7007 104.423 109.678 119.851;
67.2316 95.5254 109.536 112.418;
79.9547 79.9447 92.2002 95.7772;
68.2094 92.1638 95.77 104.102;
79.4138 79.7416 87.4166 95.5067;
67.6607 92.4153 95.2098 99.7348;
67.1858 78.7966 92.2811 95.9595;
79.9848 79.9236 92.2054 95.7743;
81.1682 92.1099 95.7628 106.037;
47.8161 89.3271 94.5466 95.4357;
67.6507 56.2113 66.2298 79.4113;
67.1398 95.9506 99.0874 106.069;
79.9806 79.9496 92.1925 95.7696;
58.0934 87.9472 95.7651 106.034;
56.0607 79.4803 102.14 108.719;
59.6698 61.1724 67.9739 71.357;
59.24 77.8308 0 0;
59.6066 79.0871 91.1015 93.6546;
95.9182 71.5657 93.7441 95.8125;
57.5035 97.7217 101.662 112.658;
64.7936 90.8246 94.6047 97.6881;
65.6768 99.7448 119.691 127.786;
65.6031 90.2865 94.0816 105.995;
77.3558 94.1162 97.0241 109.2;
59.1276 93.7869 94.2622 99.9119;
65.2104 93.6793 104.213 109.083;
65.7442 90.3039 93.9259 99.8024;
94.1004 90.3011 94.0977 105.995;
59.5463 97.0315 102.269 109.2;
59.6972 87.9143 93.7508 118.845;
65.2546 77.589 85.2901 90.1655;
65.8216 90.3091 99.8026 102.173;
86.2415 94.111 104.287 105.994;
59.0734 94.0954 97.0585 109.211;
77.7567 77.3664 83.911 90.9439;
65.2803 85.3167 95.8226 100.972;
65.8105 76.6575 90.3061 93.9862;
94.0882 94.1368 96.9642 104.285;
59.1653 109.212 114.125 115.222;
64.304 83.824 87.9164 90.861;
65.3415 76.4023 77.6756 85.2116;
65.9194 90.3005 93.9897 102.169;
65.1463 94.1344 104.291 105.994;
59.111 90.7042 109.209 115.228;
61.2057 83.8391 90.8928 93.705 ;
65.3663 64.5254 77.667 85.1861;
65.8653 90.2978 94.0024 102.17;
32.6094 94.1409 102.241 104.289;
59.6682 94.1568 108.387 109.193;
53.208 77.3418 82.3866 118.85;
65.416 64.7723 76.449 77.8018;
65.8988 90.2878 94.0552 102.152;
93.8971 94.1384 97.0191 104.29;
59.1339 110.822 111.895 117.166;
64.8022 77.3458 120.255 124.886;
65.6335 76.4736 90.2902 93.8731;
90.6709 90.285 94.0636 106.02;
60.2803 94.1427 97.0263 104.281;
59.6849 93.8233 94.2237 104.183;
64.9099 107.212 125.458 0;
65.6534 76.5078 90.3078 93.9082;
94.116 86.0292 90.2839 94.0763;
77.3026 97.0565 106.013 109.178;
59.6692 93.7867 94.2636 99.9123;
65.1985 93.6982 94.348 109.074;
65.7191 93.913 99.7903 102.175;
84.9109 90.2919 94.0942 106;
56.2146 94.0943 97.0307 109.2;
58.2994 60.6758 71.2601 94.6421;
65.2862 94.5464 125.076 126.204;
65.7868 118.89 119.69 125.701;
94.0915 94.1214 96.9563 104.285;
55.248 97.0311 109.206 114.128;
53.7544 60.351 94.3814 114.436;
70.6998 58.3527 70.8435 74.5107;
71.1832 0 0 0;
46.2966 95.0531 120.084 123.738;
65.3584 93.8943 94.9668 96.0408;
64.848 69.1292 85.0486 89.8375;
70.6218 69.1193 70.8755 94.7421;
44.9221 95.0593 104.748 109.055;
46.3335 71.3069 95.0354 104.72;
43.4938 93.961 99.6456 100.512;
70.7522 65.3329 87.663 99.6846;
70.6385 90.3186 94.7587 95.2226;
44.9958 95.063 104.774 106.953;
47.6287 83.017 95.0289 109.099;
94.2756 58.4475 67.4278 74.3296;
43.5369 98.7046 114.215 0;
43.0609 55.4154 62.2021 71.0642;
43.4332 55.3148 62.4025 71.1963;
